group() {
	multmatrix([[1, 0, 0, 0], [0, 1, 0, 0], [0, 0, 1, -400], [0, 0, 0, 1]]) {
		union() {
			group() {
				group() {
					color([0, 1, 1, 1]) {
						group() {
							multmatrix([[1, 0, 0, 0], [0, 1, 0, 0], [0, 0, 1, 0], [0, 0, 0, 1]]) {
								multmatrix([[1, 0, 0, 800], [0, 1, 0, 0], [0, 0, 1, 0], [0, 0, 0, 1]]) {
									multmatrix([[0.944493, -0.32853, 0, 0], [0.32853, 0.944493, 0, 0], [0, 0, 1, 0], [0, 0, 0, 1]]) {
										union() {
											group() {
												multmatrix([[1, 0, 0, -769.272], [0, 1, 0, 0], [0, 0, 1, 0], [0, 0, 0, 1]]) {
													cube(size = [769.272, 407.241, 30], center = false);
												}
											}
											group() {
												polyhedron(points = [[0, 0, 250], [-30, 0, 250], [0, 407.241, 250], [-30, 407.241, 250], [0, 407.241, 277.655], [-30, 407.241, 277.655]], triangles = [[0, 1, 4, 5], [0, 2, 4], [1, 3, 5]], convexity = 1);
												difference() {
													multmatrix([[1, 0, 0, -30], [0, 1, 0, 0], [0, 0, 1, 0], [0, 0, 0, 1]]) {
														cube(size = [30, 407.241, 250], center = false);
													}
													group() {
														multmatrix([[1, 0, 0, -45], [0, 1, 0, 15], [0, 0, 1, 130], [0, 0, 0, 1]]) {
															cube(size = [60, 377.241, 90], center = false);
														}
													}
												}
											}
											group();
											group();
											group() {
												multmatrix([[1, 0, 0, -15], [0, 1, 0, 0], [0, 0, 1, 235], [0, 0, 0, 1]]) {
													union() {
														multmatrix([[0.667858, 0.32853, -0.667858, 0], [-0.232306, 0.944493, 0.232306, 0], [0.707107, 1.38778e-17, 0.707107, 0], [0, 0, 0, 1]]) {
															cube(size = [15, 15, 212.132], center = false);
														}
														multmatrix([[0.944493, 0.32853, 0, 0], [-0.32853, 0.944493, 0, 0], [0, 0, 1, 0], [0, 0, 0, 1]]) {
															multmatrix([[1, 0, 0, -285], [0, 1, 0, 0], [0, 0, 1, 142.5], [0, 0, 0, 1]]) {
																cube(size = [150, 15, 15], center = false);
															}
														}
													}
												}
											}
										}
									}
								}
							}
						}
					}
					color([0, 1, 1, 1]) {
						group() {
							multmatrix([[0.866025, -0.5, 0, 0], [0.5, 0.866025, 0, 0], [0, 0, 1, 0], [0, 0, 0, 1]]) {
								multmatrix([[1, 0, 0, 769.272], [0, 1, 0, 0], [0, 0, 1, 0], [0, 0, 0, 1]]) {
									multmatrix([[0.944493, -0.32853, 0, 0], [0.32853, 0.944493, 0, 0], [0, 0, 1, 0], [0, 0, 0, 1]]) {
										union() {
											group() {
												multmatrix([[1, 0, 0, -739.724], [0, 1, 0, 0], [0, 0, 1, 0], [0, 0, 0, 1]]) {
													cube(size = [739.724, 391.599, 30], center = false);
												}
											}
											group() {
												polyhedron(points = [[0, 0, 277.655], [-30, 0, 277.655], [0, 391.599, 277.655], [-30, 391.599, 277.655], [0, 391.599, 304.248], [-30, 391.599, 304.248]], triangles = [[0, 1, 4, 5], [0, 2, 4], [1, 3, 5]], convexity = 1);
												difference() {
													multmatrix([[1, 0, 0, -30], [0, 1, 0, 0], [0, 0, 1, 0], [0, 0, 0, 1]]) {
														cube(size = [30, 391.599, 277.655], center = false);
													}
													group() {
														multmatrix([[1, 0, 0, -45], [0, 1, 0, 15], [0, 0, 1, 130], [0, 0, 0, 1]]) {
															cube(size = [60, 361.599, 117.655], center = false);
														}
													}
												}
											}
											group();
											group();
											group() {
												multmatrix([[1, 0, 0, -15], [0, 1, 0, 0], [0, 0, 1, 262.655], [0, 0, 0, 1]]) {
													union() {
														multmatrix([[0.667858, 0.32853, -0.667858, 0], [-0.232306, 0.944493, 0.232306, 0], [0.707107, -1.38778e-17, 0.707107, 0], [0, 0, 0, 1]]) {
															cube(size = [15, 15, 203.984], center = false);
														}
														multmatrix([[0.944493, 0.32853, 0, 0], [-0.32853, 0.944493, 0, 0], [0, 0, 1, 0], [0, 0, 0, 1]]) {
															multmatrix([[1, 0, 0, -273.477], [0, 1, 0, 0], [0, 0, 1, 136.739], [0, 0, 0, 1]]) {
																cube(size = [144.239, 15, 15], center = false);
															}
														}
													}
												}
											}
										}
									}
								}
							}
						}
					}
					color([0, 1, 1, 1]) {
						group() {
							multmatrix([[0.5, -0.866025, 0, 0], [0.866025, 0.5, 0, 0], [0, 0, 1, 0], [0, 0, 0, 1]]) {
								multmatrix([[1, 0, 0, 739.724], [0, 1, 0, 0], [0, 0, 1, 0], [0, 0, 0, 1]]) {
									multmatrix([[0.944493, -0.32853, 0, 0], [0.32853, 0.944493, 0, 0], [0, 0, 1, 0], [0, 0, 0, 1]]) {
										union() {
											group() {
												multmatrix([[1, 0, 0, -711.312], [0, 1, 0, 0], [0, 0, 1, 0], [0, 0, 0, 1]]) {
													cube(size = [711.312, 376.557, 30], center = false);
												}
											}
											group() {
												polyhedron(points = [[0, 0, 304.248], [-30, 0, 304.248], [0, 376.557, 304.248], [-30, 376.557, 304.248], [0, 376.557, 329.819], [-30, 376.557, 329.819]], triangles = [[0, 1, 4, 5], [0, 2, 4], [1, 3, 5]], convexity = 1);
												difference() {
													multmatrix([[1, 0, 0, -30], [0, 1, 0, 0], [0, 0, 1, 0], [0, 0, 0, 1]]) {
														cube(size = [30, 376.557, 304.248], center = false);
													}
													group() {
														multmatrix([[1, 0, 0, -45], [0, 1, 0, 15], [0, 0, 1, 130], [0, 0, 0, 1]]) {
															cube(size = [60, 346.557, 144.248], center = false);
														}
													}
												}
											}
											group();
											group();
											group() {
												multmatrix([[1, 0, 0, -15], [0, 1, 0, 0], [0, 0, 1, 289.248], [0, 0, 0, 1]]) {
													union() {
														multmatrix([[0.667858, 0.32853, -0.667858, 0], [-0.232306, 0.944493, 0.232306, 0], [0.707107, -2.77556e-17, 0.707107, 0], [0, 0, 0, 1]]) {
															cube(size = [15, 15, 196.149], center = false);
														}
														multmatrix([[0.944493, 0.32853, 0, 0], [-0.32853, 0.944493, 0, 0], [0, 0, 1, 0], [0, 0, 0, 1]]) {
															multmatrix([[1, 0, 0, -262.397], [0, 1, 0, 0], [0, 0, 1, 131.198], [0, 0, 0, 1]]) {
																cube(size = [138.698, 15, 15], center = false);
															}
														}
													}
												}
											}
										}
									}
								}
							}
						}
					}
					color([0, 1, 1, 1]) {
						group() {
							multmatrix([[2.22045e-16, -1, 0, 0], [1, 2.22045e-16, 0, 0], [0, 0, 1, 0], [0, 0, 0, 1]]) {
								multmatrix([[1, 0, 0, 711.312], [0, 1, 0, 0], [0, 0, 1, 0], [0, 0, 0, 1]]) {
									multmatrix([[0.944493, -0.32853, 0, 0], [0.32853, 0.944493, 0, 0], [0, 0, 1, 0], [0, 0, 0, 1]]) {
										union() {
											group() {
												multmatrix([[1, 0, 0, -683.99], [0, 1, 0, 0], [0, 0, 1, 0], [0, 0, 0, 1]]) {
													cube(size = [683.99, 362.094, 30], center = false);
												}
											}
											group() {
												polyhedron(points = [[0, 0, 329.819], [-30, 0, 329.819], [0, 362.094, 329.819], [-30, 362.094, 329.819], [0, 362.094, 354.409], [-30, 362.094, 354.409]], triangles = [[0, 1, 4, 5], [0, 2, 4], [1, 3, 5]], convexity = 1);
												difference() {
													multmatrix([[1, 0, 0, -30], [0, 1, 0, 0], [0, 0, 1, 0], [0, 0, 0, 1]]) {
														cube(size = [30, 362.094, 329.819], center = false);
													}
													group() {
														multmatrix([[1, 0, 0, -45], [0, 1, 0, 15], [0, 0, 1, 130], [0, 0, 0, 1]]) {
															cube(size = [60, 332.094, 169.819], center = false);
														}
													}
												}
											}
											group();
											group();
											group() {
												multmatrix([[1, 0, 0, -15], [0, 1, 0, 0], [0, 0, 1, 314.819], [0, 0, 0, 1]]) {
													union() {
														multmatrix([[0.667858, 0.32853, -0.667858, 0], [-0.232306, 0.944493, 0.232306, 0], [0.707107, 1.38778e-17, 0.707107, 0], [0, 0, 0, 1]]) {
															cube(size = [15, 15, 188.615], center = false);
														}
														multmatrix([[0.944493, 0.32853, 0, 0], [-0.32853, 0.944493, 0, 0], [0, 0, 1, 0], [0, 0, 0, 1]]) {
															multmatrix([[1, 0, 0, -251.742], [0, 1, 0, 0], [0, 0, 1, 125.871], [0, 0, 0, 1]]) {
																cube(size = [133.371, 15, 15], center = false);
															}
														}
													}
												}
											}
										}
									}
								}
							}
						}
					}
					color([0, 1, 1, 1]) {
						group() {
							multmatrix([[-0.5, -0.866025, 0, 0], [0.866025, -0.5, 0, 0], [0, 0, 1, 0], [0, 0, 0, 1]]) {
								multmatrix([[1, 0, 0, 683.99], [0, 1, 0, 0], [0, 0, 1, 0], [0, 0, 0, 1]]) {
									multmatrix([[0.944493, -0.32853, 0, 0], [0.32853, 0.944493, 0, 0], [0, 0, 1, 0], [0, 0, 0, 1]]) {
										union() {
											group() {
												multmatrix([[1, 0, 0, -657.718], [0, 1, 0, 0], [0, 0, 1, 0], [0, 0, 0, 1]]) {
													cube(size = [657.718, 348.186, 30], center = false);
												}
											}
											group() {
												polyhedron(points = [[0, 0, 354.409], [-30, 0, 354.409], [0, 348.186, 354.409], [-30, 348.186, 354.409], [0, 348.186, 378.053], [-30, 348.186, 378.053]], triangles = [[0, 1, 4, 5], [0, 2, 4], [1, 3, 5]], convexity = 1);
												difference() {
													multmatrix([[1, 0, 0, -30], [0, 1, 0, 0], [0, 0, 1, 0], [0, 0, 0, 1]]) {
														cube(size = [30, 348.186, 354.409], center = false);
													}
													group() {
														multmatrix([[1, 0, 0, -45], [0, 1, 0, 15], [0, 0, 1, 130], [0, 0, 0, 1]]) {
															cube(size = [60, 318.186, 194.409], center = false);
														}
													}
												}
											}
											group();
											group();
											group() {
												multmatrix([[1, 0, 0, -15], [0, 1, 0, 0], [0, 0, 1, 339.409], [0, 0, 0, 1]]) {
													union() {
														multmatrix([[0.667858, 0.32853, -0.667858, 0], [-0.232306, 0.944493, 0.232306, 0], [0.707107, -2.77556e-17, 0.707107, 0], [0, 0, 0, 1]]) {
															cube(size = [15, 15, 181.37], center = false);
														}
														multmatrix([[0.944493, 0.32853, 0, 0], [-0.32853, 0.944493, 0, 0], [0, 0, 1, 0], [0, 0, 0, 1]]) {
															multmatrix([[1, 0, 0, -241.496], [0, 1, 0, 0], [0, 0, 1, 120.748], [0, 0, 0, 1]]) {
																cube(size = [128.248, 15, 15], center = false);
															}
														}
													}
												}
											}
										}
									}
								}
							}
						}
					}
					color([0, 1, 1, 1]) {
						group() {
							multmatrix([[-0.866025, -0.5, 0, 0], [0.5, -0.866025, 0, 0], [0, 0, 1, 0], [0, 0, 0, 1]]) {
								multmatrix([[1, 0, 0, 657.718], [0, 1, 0, 0], [0, 0, 1, 0], [0, 0, 0, 1]]) {
									multmatrix([[0.944493, -0.32853, 0, 0], [0.32853, 0.944493, 0, 0], [0, 0, 1, 0], [0, 0, 0, 1]]) {
										union() {
											group() {
												multmatrix([[1, 0, 0, -632.456], [0, 1, 0, 0], [0, 0, 1, 0], [0, 0, 0, 1]]) {
													cube(size = [632.456, 334.812, 30], center = false);
												}
											}
											group() {
												polyhedron(points = [[0, 0, 378.053], [-30, 0, 378.053], [0, 334.812, 378.053], [-30, 334.812, 378.053], [0, 334.812, 400.79], [-30, 334.812, 400.79]], triangles = [[0, 1, 4, 5], [0, 2, 4], [1, 3, 5]], convexity = 1);
												difference() {
													multmatrix([[1, 0, 0, -30], [0, 1, 0, 0], [0, 0, 1, 0], [0, 0, 0, 1]]) {
														cube(size = [30, 334.812, 378.053], center = false);
													}
													group() {
														multmatrix([[1, 0, 0, -45], [0, 1, 0, 15], [0, 0, 1, 130], [0, 0, 0, 1]]) {
															cube(size = [60, 304.812, 218.053], center = false);
														}
													}
												}
											}
											group();
											group();
											group() {
												multmatrix([[1, 0, 0, -15], [0, 1, 0, 0], [0, 0, 1, 363.053], [0, 0, 0, 1]]) {
													union() {
														multmatrix([[0.667858, 0.32853, -0.667858, 0], [-0.232306, 0.944493, 0.232306, 0], [0.707107, 1.38778e-17, 0.707107, 0], [0, 0, 0, 1]]) {
															cube(size = [15, 15, 174.404], center = false);
														}
														multmatrix([[0.944493, 0.32853, 0, 0], [-0.32853, 0.944493, 0, 0], [0, 0, 1, 0], [0, 0, 0, 1]]) {
															multmatrix([[1, 0, 0, -231.644], [0, 1, 0, 0], [0, 0, 1, 115.822], [0, 0, 0, 1]]) {
																cube(size = [123.322, 15, 15], center = false);
															}
														}
													}
												}
											}
										}
									}
								}
							}
						}
					}
					color([0, 1, 1, 1]) {
						group() {
							multmatrix([[-1, -1.22465e-16, 0, 0], [1.22465e-16, -1, 0, 0], [0, 0, 1, 0], [0, 0, 0, 1]]) {
								multmatrix([[1, 0, 0, 632.456], [0, 1, 0, 0], [0, 0, 1, 0], [0, 0, 0, 1]]) {
									multmatrix([[0.944493, -0.32853, 0, 0], [0.32853, 0.944493, 0, 0], [0, 0, 1, 0], [0, 0, 0, 1]]) {
										union() {
											group() {
												multmatrix([[1, 0, 0, -608.163], [0, 1, 0, 0], [0, 0, 1, 0], [0, 0, 0, 1]]) {
													cube(size = [608.163, 321.952, 30], center = false);
												}
											}
											group() {
												polyhedron(points = [[0, 0, 400.79], [-30, 0, 400.79], [0, 321.952, 400.79], [-30, 321.952, 400.79], [0, 321.952, 422.653], [-30, 321.952, 422.653]], triangles = [[0, 1, 4, 5], [0, 2, 4], [1, 3, 5]], convexity = 1);
												difference() {
													multmatrix([[1, 0, 0, -30], [0, 1, 0, 0], [0, 0, 1, 0], [0, 0, 0, 1]]) {
														cube(size = [30, 321.952, 400.79], center = false);
													}
													group() {
														multmatrix([[1, 0, 0, -45], [0, 1, 0, 15], [0, 0, 1, 130], [0, 0, 0, 1]]) {
															cube(size = [60, 291.952, 240.79], center = false);
														}
													}
												}
											}
											group();
											group();
											group() {
												multmatrix([[1, 0, 0, -15], [0, 1, 0, 0], [0, 0, 1, 385.79], [0, 0, 0, 1]]) {
													union() {
														multmatrix([[0.667858, 0.32853, -0.667858, 0], [-0.232306, 0.944493, 0.232306, 0], [0.707107, -1.38778e-17, 0.707107, 0], [0, 0, 0, 1]]) {
															cube(size = [15, 15, 167.705], center = false);
														}
														multmatrix([[0.944493, 0.32853, 0, 0], [-0.32853, 0.944493, 0, 0], [0, 0, 1, 0], [0, 0, 0, 1]]) {
															multmatrix([[1, 0, 0, -222.171], [0, 1, 0, 0], [0, 0, 1, 111.085], [0, 0, 0, 1]]) {
																cube(size = [118.585, 15, 15], center = false);
															}
														}
													}
												}
											}
										}
									}
								}
							}
						}
					}
					color([0, 1, 1, 1]) {
						group() {
							multmatrix([[-0.866025, 0.5, 0, 0], [-0.5, -0.866025, 0, 0], [0, 0, 1, 0], [0, 0, 0, 1]]) {
								multmatrix([[1, 0, 0, 608.163], [0, 1, 0, 0], [0, 0, 1, 0], [0, 0, 0, 1]]) {
									multmatrix([[0.944493, -0.32853, 0, 0], [0.32853, 0.944493, 0, 0], [0, 0, 1, 0], [0, 0, 0, 1]]) {
										union() {
											group() {
												multmatrix([[1, 0, 0, -584.804], [0, 1, 0, 0], [0, 0, 1, 0], [0, 0, 0, 1]]) {
													cube(size = [584.804, 309.586, 30], center = false);
												}
											}
											group() {
												polyhedron(points = [[0, 0, 422.653], [-30, 0, 422.653], [0, 309.586, 422.653], [-30, 309.586, 422.653], [0, 309.586, 443.677], [-30, 309.586, 443.677]], triangles = [[0, 1, 4, 5], [0, 2, 4], [1, 3, 5]], convexity = 1);
												difference() {
													multmatrix([[1, 0, 0, -30], [0, 1, 0, 0], [0, 0, 1, 0], [0, 0, 0, 1]]) {
														cube(size = [30, 309.586, 422.653], center = false);
													}
													group() {
														multmatrix([[1, 0, 0, -45], [0, 1, 0, 15], [0, 0, 1, 130], [0, 0, 0, 1]]) {
															cube(size = [60, 279.586, 262.653], center = false);
														}
													}
												}
											}
											group();
											group();
											group() {
												multmatrix([[1, 0, 0, -15], [0, 1, 0, 0], [0, 0, 1, 407.653], [0, 0, 0, 1]]) {
													union() {
														multmatrix([[0.667858, 0.32853, -0.667858, 0], [-0.232306, 0.944493, 0.232306, 0], [0.707107, 0, 0.707107, 0], [0, 0, 0, 1]]) {
															cube(size = [15, 15, 161.264], center = false);
														}
														multmatrix([[0.944493, 0.32853, 0, 0], [-0.32853, 0.944493, 0, 0], [0, 0, 1, 0], [0, 0, 0, 1]]) {
															multmatrix([[1, 0, 0, -213.061], [0, 1, 0, 0], [0, 0, 1, 106.531], [0, 0, 0, 1]]) {
																cube(size = [114.031, 15, 15], center = false);
															}
														}
													}
												}
											}
										}
									}
								}
							}
						}
					}
				}
				group() {
					color([0, 1, 1, 1]) {
						group() {
							multmatrix([[-0.5, 0.866025, 0, 0], [-0.866025, -0.5, 0, 0], [0, 0, 1, 0], [0, 0, 0, 1]]) {
								multmatrix([[1, 0, 0, 584.804], [0, 1, 0, 0], [0, 0, 1, 0], [0, 0, 0, 1]]) {
									multmatrix([[0.944493, -0.32853, 0, 0], [0.32853, 0.944493, 0, 0], [0, 0, 1, 0], [0, 0, 0, 1]]) {
										union() {
											group() {
												multmatrix([[1, 0, 0, -562.341], [0, 1, 0, 0], [0, 0, 1, 0], [0, 0, 0, 1]]) {
													cube(size = [562.341, 297.695, 30], center = false);
												}
											}
											group();
											group() {
												difference() {
													multmatrix([[1, 0, 0, -30], [0, 1, 0, 0], [0, 0, 1, 0], [0, 0, 0, 1]]) {
														cube(size = [30, 297.695, 270], center = false);
													}
													group() {
														multmatrix([[1, 0, 0, -45], [0, 1, 0, 15], [0, 0, 1, 130], [0, 0, 0, 1]]) {
															cube(size = [60, 267.695, 110], center = false);
														}
													}
												}
											}
											group();
											group() {
												multmatrix([[1, 0, 0, -15], [0, 1, 0, 0], [0, 0, 1, 428.677], [0, 0, 0, 1]]) {
													union() {
														multmatrix([[0.667858, 0.32853, -0.667858, 0], [-0.232306, 0.944493, 0.232306, 0], [0.707107, 0, 0.707107, 0], [0, 0, 0, 1]]) {
															cube(size = [15, 15, 155.069], center = false);
														}
														multmatrix([[0.944493, 0.32853, 0, 0], [-0.32853, 0.944493, 0, 0], [0, 0, 1, 0], [0, 0, 0, 1]]) {
															multmatrix([[1, 0, 0, -204.301], [0, 1, 0, 0], [0, 0, 1, 102.151], [0, 0, 0, 1]]) {
																cube(size = [109.651, 15, 15], center = false);
															}
														}
													}
												}
											}
										}
									}
								}
							}
						}
					}
					color([0, 1, 0, 1]) {
						group() {
							multmatrix([[-0.5, 0.866025, 0, 0], [-0.866025, -0.5, 0, 0], [0, 0, 1, 0], [0, 0, 0, 1]]) {
								multmatrix([[1, 0, 0, 584.804], [0, 1, 0, 0], [0, 0, 1, 270], [0, 0, 0, 1]]) {
									multmatrix([[0.944493, -0.32853, 0, 0], [0.32853, 0.944493, 0, 0], [0, 0, 1, 0], [0, 0, 0, 1]]) {
										union() {
											group() {
												multmatrix([[1, 0, 0, -562.341], [0, 1, 0, 0], [0, 0, 1, 0], [0, 0, 0, 1]]) {
													cube(size = [562.341, 297.695, 30], center = false);
												}
											}
											group() {
												polyhedron(points = [[0, 0, 173.677], [-30, 0, 173.677], [0, 297.695, 173.677], [-30, 297.695, 173.677], [0, 297.695, 193.893], [-30, 297.695, 193.893]], triangles = [[0, 1, 4, 5], [0, 2, 4], [1, 3, 5]], convexity = 1);
												difference() {
													multmatrix([[1, 0, 0, -30], [0, 1, 0, 0], [0, 0, 1, 0], [0, 0, 0, 1]]) {
														cube(size = [30, 297.695, 173.677], center = false);
													}
													group();
												}
											}
											group();
											group();
											group() {
												multmatrix([[1, 0, 0, -15], [0, 1, 0, 0], [0, 0, 1, 158.677], [0, 0, 0, 1]]) {
													union() {
														multmatrix([[0.667858, 0.32853, -0.667858, 0], [-0.232306, 0.944493, 0.232306, 0], [0.707107, 0, 0.707107, 0], [0, 0, 0, 1]]) {
															cube(size = [15, 15, 155.069], center = false);
														}
														multmatrix([[0.944493, 0.32853, 0, 0], [-0.32853, 0.944493, 0, 0], [0, 0, 1, 0], [0, 0, 0, 1]]) {
															multmatrix([[1, 0, 0, -204.301], [0, 1, 0, 0], [0, 0, 1, 102.151], [0, 0, 0, 1]]) {
																cube(size = [109.651, 15, 15], center = false);
															}
														}
													}
												}
											}
										}
									}
								}
							}
						}
					}
					color([0, 1, 1, 1]) {
						group() {
							multmatrix([[-2.22045e-16, 1, 0, 0], [-1, -2.22045e-16, 0, 0], [0, 0, 1, 0], [0, 0, 0, 1]]) {
								multmatrix([[1, 0, 0, 562.341], [0, 1, 0, 0], [0, 0, 1, 0], [0, 0, 0, 1]]) {
									multmatrix([[0.944493, -0.32853, 0, 0], [0.32853, 0.944493, 0, 0], [0, 0, 1, 0], [0, 0, 0, 1]]) {
										union() {
											group() {
												multmatrix([[1, 0, 0, -540.742], [0, 1, 0, 0], [0, 0, 1, 0], [0, 0, 0, 1]]) {
													cube(size = [540.742, 286.26, 30], center = false);
												}
											}
											group();
											group() {
												difference() {
													multmatrix([[1, 0, 0, -30], [0, 1, 0, 0], [0, 0, 1, 0], [0, 0, 0, 1]]) {
														cube(size = [30, 286.26, 270], center = false);
													}
													group() {
														multmatrix([[1, 0, 0, -45], [0, 1, 0, 15], [0, 0, 1, 130], [0, 0, 0, 1]]) {
															cube(size = [60, 256.26, 110], center = false);
														}
													}
												}
											}
											group();
											group() {
												multmatrix([[1, 0, 0, -15], [0, 1, 0, 0], [0, 0, 1, 448.893], [0, 0, 0, 1]]) {
													union() {
														multmatrix([[0.667858, 0.32853, -0.667858, 0], [-0.232306, 0.944493, 0.232306, 0], [0.707107, -1.38778e-17, 0.707107, 0], [0, 0, 0, 1]]) {
															cube(size = [15, 15, 149.113], center = false);
														}
														multmatrix([[0.944493, 0.32853, 0, 0], [-0.32853, 0.944493, 0, 0], [0, 0, 1, 0], [0, 0, 0, 1]]) {
															multmatrix([[1, 0, 0, -195.878], [0, 1, 0, 0], [0, 0, 1, 97.939], [0, 0, 0, 1]]) {
																cube(size = [105.439, 15, 15], center = false);
															}
														}
													}
												}
											}
										}
									}
								}
							}
						}
					}
					color([0, 1, 0, 1]) {
						group() {
							multmatrix([[-2.22045e-16, 1, 0, 0], [-1, -2.22045e-16, 0, 0], [0, 0, 1, 0], [0, 0, 0, 1]]) {
								multmatrix([[1, 0, 0, 562.341], [0, 1, 0, 0], [0, 0, 1, 270], [0, 0, 0, 1]]) {
									multmatrix([[0.944493, -0.32853, 0, 0], [0.32853, 0.944493, 0, 0], [0, 0, 1, 0], [0, 0, 0, 1]]) {
										union() {
											group() {
												multmatrix([[1, 0, 0, -540.742], [0, 1, 0, 0], [0, 0, 1, 0], [0, 0, 0, 1]]) {
													cube(size = [540.742, 286.26, 30], center = false);
												}
											}
											group() {
												polyhedron(points = [[0, 0, 193.893], [-30, 0, 193.893], [0, 286.26, 193.893], [-30, 286.26, 193.893], [0, 286.26, 213.332], [-30, 286.26, 213.332]], triangles = [[0, 1, 4, 5], [0, 2, 4], [1, 3, 5]], convexity = 1);
												difference() {
													multmatrix([[1, 0, 0, -30], [0, 1, 0, 0], [0, 0, 1, 0], [0, 0, 0, 1]]) {
														cube(size = [30, 286.26, 193.893], center = false);
													}
													group();
												}
											}
											group();
											group();
											group() {
												multmatrix([[1, 0, 0, -15], [0, 1, 0, 0], [0, 0, 1, 178.893], [0, 0, 0, 1]]) {
													union() {
														multmatrix([[0.667858, 0.32853, -0.667858, 0], [-0.232306, 0.944493, 0.232306, 0], [0.707107, -1.38778e-17, 0.707107, 0], [0, 0, 0, 1]]) {
															cube(size = [15, 15, 149.113], center = false);
														}
														multmatrix([[0.944493, 0.32853, 0, 0], [-0.32853, 0.944493, 0, 0], [0, 0, 1, 0], [0, 0, 0, 1]]) {
															multmatrix([[1, 0, 0, -195.878], [0, 1, 0, 0], [0, 0, 1, 97.939], [0, 0, 0, 1]]) {
																cube(size = [105.439, 15, 15], center = false);
															}
														}
													}
												}
											}
										}
									}
								}
							}
						}
					}
				}
				group() {
					color([0, 1, 1, 1]) {
						group() {
							multmatrix([[0.5, 0.866025, 0, 0], [-0.866025, 0.5, 0, 0], [0, 0, 1, 0], [0, 0, 0, 1]]) {
								multmatrix([[1, 0, 0, 540.742], [0, 1, 0, 0], [0, 0, 1, 0], [0, 0, 0, 1]]) {
									multmatrix([[0.944493, -0.32853, 0, 0], [0.32853, 0.944493, 0, 0], [0, 0, 1, 0], [0, 0, 0, 1]]) {
										union() {
											group() {
												multmatrix([[1, 0, 0, -519.972], [0, 1, 0, 0], [0, 0, 1, 0], [0, 0, 0, 1]]) {
													cube(size = [519.972, 275.265, 30], center = false);
												}
											}
											group();
											group() {
												difference() {
													multmatrix([[1, 0, 0, -30], [0, 1, 0, 0], [0, 0, 1, 0], [0, 0, 0, 1]]) {
														cube(size = [30, 275.265, 270], center = false);
													}
													group();
												}
											}
											group();
											group() {
												multmatrix([[1, 0, 0, -15], [0, 1, 0, 0], [0, 0, 1, 468.332], [0, 0, 0, 1]]) {
													union() {
														multmatrix([[0.667858, 0.32853, -0.667858, 0], [-0.232306, 0.944493, 0.232306, 0], [0.707107, -1.38778e-17, 0.707107, 0], [0, 0, 0, 1]]) {
															cube(size = [15, 15, 143.386], center = false);
														}
														multmatrix([[0.944493, 0.32853, 0, 0], [-0.32853, 0.944493, 0, 0], [0, 0, 1, 0], [0, 0, 0, 1]]) {
															multmatrix([[1, 0, 0, -187.778], [0, 1, 0, 0], [0, 0, 1, 93.8891], [0, 0, 0, 1]]) {
																cube(size = [101.389, 15, 15], center = false);
															}
														}
													}
												}
											}
										}
									}
								}
							}
						}
					}
					color([0, 1, 0, 1]) {
						group() {
							multmatrix([[0.5, 0.866025, 0, 0], [-0.866025, 0.5, 0, 0], [0, 0, 1, 0], [0, 0, 0, 1]]) {
								multmatrix([[1, 0, 0, 540.742], [0, 1, 0, 0], [0, 0, 1, 270], [0, 0, 0, 1]]) {
									multmatrix([[0.944493, -0.32853, 0, 0], [0.32853, 0.944493, 0, 0], [0, 0, 1, 0], [0, 0, 0, 1]]) {
										union() {
											group() {
												multmatrix([[1, 0, 0, -519.972], [0, 1, 0, 0], [0, 0, 1, 0], [0, 0, 0, 1]]) {
													cube(size = [519.972, 275.265, 30], center = false);
												}
											}
											group() {
												polyhedron(points = [[0, 0, 213.332], [-30, 0, 213.332], [0, 275.265, 213.332], [-30, 275.265, 213.332], [0, 275.265, 232.025], [-30, 275.265, 232.025]], triangles = [[0, 1, 4, 5], [0, 2, 4], [1, 3, 5]], convexity = 1);
												difference() {
													multmatrix([[1, 0, 0, -30], [0, 1, 0, 0], [0, 0, 1, 0], [0, 0, 0, 1]]) {
														cube(size = [30, 275.265, 213.332], center = false);
													}
													group() {
														multmatrix([[1, 0, 0, -45], [0, 1, 0, 15], [0, 0, 1, 130], [0, 0, 0, 1]]) {
															cube(size = [60, 245.265, 53.3323], center = false);
														}
													}
												}
											}
											group();
											group();
											group() {
												multmatrix([[1, 0, 0, -15], [0, 1, 0, 0], [0, 0, 1, 198.332], [0, 0, 0, 1]]) {
													union() {
														multmatrix([[0.667858, 0.32853, -0.667858, 0], [-0.232306, 0.944493, 0.232306, 0], [0.707107, -1.38778e-17, 0.707107, 0], [0, 0, 0, 1]]) {
															cube(size = [15, 15, 143.386], center = false);
														}
														multmatrix([[0.944493, 0.32853, 0, 0], [-0.32853, 0.944493, 0, 0], [0, 0, 1, 0], [0, 0, 0, 1]]) {
															multmatrix([[1, 0, 0, -187.778], [0, 1, 0, 0], [0, 0, 1, 93.8891], [0, 0, 0, 1]]) {
																cube(size = [101.389, 15, 15], center = false);
															}
														}
													}
												}
											}
										}
									}
								}
							}
						}
					}
					color([0, 1, 1, 1]) {
						group() {
							multmatrix([[0.866025, 0.5, 0, 0], [-0.5, 0.866025, 0, 0], [0, 0, 1, 0], [0, 0, 0, 1]]) {
								multmatrix([[1, 0, 0, 519.972], [0, 1, 0, 0], [0, 0, 1, 0], [0, 0, 0, 1]]) {
									multmatrix([[0.944493, -0.32853, 0, 0], [0.32853, 0.944493, 0, 0], [0, 0, 1, 0], [0, 0, 0, 1]]) {
										union() {
											group() {
												multmatrix([[1, 0, 0, -500], [0, 1, 0, 0], [0, 0, 1, 0], [0, 0, 0, 1]]) {
													cube(size = [500, 264.692, 30], center = false);
												}
											}
											group();
											group() {
												difference() {
													multmatrix([[1, 0, 0, -30], [0, 1, 0, 0], [0, 0, 1, 0], [0, 0, 0, 1]]) {
														cube(size = [30, 264.692, 270], center = false);
													}
													group();
												}
											}
											group();
											group() {
												multmatrix([[1, 0, 0, -15], [0, 1, 0, 0], [0, 0, 1, 487.025], [0, 0, 0, 1]]) {
													union() {
														multmatrix([[0.667858, 0.32853, -0.667858, 0], [-0.232306, 0.944493, 0.232306, 0], [0.707107, 0, 0.707107, 0], [0, 0, 0, 1]]) {
															cube(size = [15, 15, 137.878], center = false);
														}
														multmatrix([[0.944493, 0.32853, 0, 0], [-0.32853, 0.944493, 0, 0], [0, 0, 1, 0], [0, 0, 0, 1]]) {
															multmatrix([[1, 0, 0, -179.99], [0, 1, 0, 0], [0, 0, 1, 89.9948], [0, 0, 0, 1]]) {
																cube(size = [97.4948, 15, 15], center = false);
															}
														}
													}
												}
											}
										}
									}
								}
							}
						}
					}
					color([0, 1, 0, 1]) {
						group() {
							multmatrix([[0.866025, 0.5, 0, 0], [-0.5, 0.866025, 0, 0], [0, 0, 1, 0], [0, 0, 0, 1]]) {
								multmatrix([[1, 0, 0, 519.972], [0, 1, 0, 0], [0, 0, 1, 270], [0, 0, 0, 1]]) {
									multmatrix([[0.944493, -0.32853, 0, 0], [0.32853, 0.944493, 0, 0], [0, 0, 1, 0], [0, 0, 0, 1]]) {
										union() {
											group() {
												multmatrix([[1, 0, 0, -500], [0, 1, 0, 0], [0, 0, 1, 0], [0, 0, 0, 1]]) {
													cube(size = [500, 264.692, 30], center = false);
												}
											}
											group() {
												polyhedron(points = [[0, 0, 232.025], [-30, 0, 232.025], [0, 264.692, 232.025], [-30, 264.692, 232.025], [0, 264.692, 250], [-30, 264.692, 250]], triangles = [[0, 1, 4, 5], [0, 2, 4], [1, 3, 5]], convexity = 1);
												difference() {
													multmatrix([[1, 0, 0, -30], [0, 1, 0, 0], [0, 0, 1, 0], [0, 0, 0, 1]]) {
														cube(size = [30, 264.692, 232.025], center = false);
													}
													group() {
														multmatrix([[1, 0, 0, -45], [0, 1, 0, 15], [0, 0, 1, 130], [0, 0, 0, 1]]) {
															cube(size = [60, 234.692, 72.0252], center = false);
														}
													}
												}
											}
											group();
											group();
											group() {
												multmatrix([[1, 0, 0, -15], [0, 1, 0, 0], [0, 0, 1, 217.025], [0, 0, 0, 1]]) {
													union() {
														multmatrix([[0.667858, 0.32853, -0.667858, 0], [-0.232306, 0.944493, 0.232306, 0], [0.707107, 0, 0.707107, 0], [0, 0, 0, 1]]) {
															cube(size = [15, 15, 137.878], center = false);
														}
														multmatrix([[0.944493, 0.32853, 0, 0], [-0.32853, 0.944493, 0, 0], [0, 0, 1, 0], [0, 0, 0, 1]]) {
															multmatrix([[1, 0, 0, -179.99], [0, 1, 0, 0], [0, 0, 1, 89.9948], [0, 0, 0, 1]]) {
																cube(size = [97.4948, 15, 15], center = false);
															}
														}
													}
												}
											}
										}
									}
								}
							}
						}
					}
				}
				group() {
					color([0, 1, 1, 1]) {
						group() {
							multmatrix([[1, 2.44929e-16, 0, 0], [-2.44929e-16, 1, 0, 0], [0, 0, 1, 0], [0, 0, 0, 1]]) {
								multmatrix([[1, 0, 0, 500], [0, 1, 0, 0], [0, 0, 1, 0], [0, 0, 0, 1]]) {
									multmatrix([[0.944493, -0.32853, 0, 0], [0.32853, 0.944493, 0, 0], [0, 0, 1, 0], [0, 0, 0, 1]]) {
										union() {
											group();
											group();
											group() {
												difference() {
													multmatrix([[1, 0, 0, -30], [0, 1, 0, 0], [0, 0, 1, 0], [0, 0, 0, 1]]) {
														cube(size = [30, 254.525, 270], center = false);
													}
													group();
												}
											}
											group();
											group() {
												multmatrix([[1, 0, 0, -15], [0, 1, 0, 0], [0, 0, 1, 505], [0, 0, 0, 1]]) {
													union() {
														multmatrix([[0.667858, 0.32853, -0.667858, 0], [-0.232306, 0.944493, 0.232306, 0], [0.707107, -1.38778e-17, 0.707107, 0], [0, 0, 0, 1]]) {
															cube(size = [15, 15, 132.583], center = false);
														}
														multmatrix([[0.944493, 0.32853, 0, 0], [-0.32853, 0.944493, 0, 0], [0, 0, 1, 0], [0, 0, 0, 1]]) {
															multmatrix([[1, 0, 0, -172.5], [0, 1, 0, 0], [0, 0, 1, 86.25], [0, 0, 0, 1]]) {
																cube(size = [93.75, 15, 15], center = false);
															}
														}
													}
												}
											}
										}
									}
								}
							}
						}
					}
					color([0, 1, 0, 1]) {
						group() {
							multmatrix([[1, 2.44929e-16, 0, 0], [-2.44929e-16, 1, 0, 0], [0, 0, 1, 0], [0, 0, 0, 1]]) {
								multmatrix([[1, 0, 0, 500], [0, 1, 0, 0], [0, 0, 1, 270], [0, 0, 0, 1]]) {
									multmatrix([[0.944493, -0.32853, 0, 0], [0.32853, 0.944493, 0, 0], [0, 0, 1, 0], [0, 0, 0, 1]]) {
										union() {
											group();
											group() {
												polyhedron(points = [[0, 0, 250], [-30, 0, 250], [0, 254.525, 250], [-30, 254.525, 250], [0, 254.525, 267.284], [-30, 254.525, 267.284]], triangles = [[0, 1, 4, 5], [0, 2, 4], [1, 3, 5]], convexity = 1);
												difference() {
													multmatrix([[1, 0, 0, -30], [0, 1, 0, 0], [0, 0, 1, 0], [0, 0, 0, 1]]) {
														cube(size = [30, 254.525, 250], center = false);
													}
													group() {
														multmatrix([[1, 0, 0, -45], [0, 1, 0, 15], [0, 0, 1, 130], [0, 0, 0, 1]]) {
															cube(size = [60, 224.525, 90], center = false);
														}
													}
												}
											}
											group();
											group();
											group() {
												multmatrix([[1, 0, 0, -15], [0, 1, 0, 0], [0, 0, 1, 235], [0, 0, 0, 1]]) {
													union() {
														multmatrix([[0.667858, 0.32853, -0.667858, 0], [-0.232306, 0.944493, 0.232306, 0], [0.707107, -1.38778e-17, 0.707107, 0], [0, 0, 0, 1]]) {
															cube(size = [15, 15, 132.583], center = false);
														}
														multmatrix([[0.944493, 0.32853, 0, 0], [-0.32853, 0.944493, 0, 0], [0, 0, 1, 0], [0, 0, 0, 1]]) {
															multmatrix([[1, 0, 0, -172.5], [0, 1, 0, 0], [0, 0, 1, 86.25], [0, 0, 0, 1]]) {
																cube(size = [93.75, 15, 15], center = false);
															}
														}
													}
												}
											}
										}
									}
								}
							}
						}
					}
					color([0, 1, 0, 1]) {
						group() {
							multmatrix([[1, 4.89859e-16, 0, 0], [-4.89859e-16, 1, 0, 0], [0, 0, 1, 0], [0, 0, 0, 1]]) {
								multmatrix([[1, 0, 0, 312.5], [0, 1, 0, 0], [0, 0, 1, 270], [0, 0, 0, 1]]) {
									multmatrix([[0.944493, -0.32853, 0, 0], [0.32853, 0.944493, 0, 0], [0, 0, 1, 0], [0, 0, 0, 1]]) {
										union() {
											group() {
												multmatrix([[1, 0, 0, -300.497], [0, 1, 0, 0], [0, 0, 1, 0], [0, 0, 0, 1]]) {
													cube(size = [300.497, 159.078, 30], center = false);
												}
											}
											group();
											group() {
												difference() {
													multmatrix([[1, 0, 0, -30], [0, 1, 0, 0], [0, 0, 1, 0], [0, 0, 0, 1]]) {
														cube(size = [30, 159.078, 270], center = false);
													}
													group();
												}
											}
											group();
											group();
										}
									}
								}
							}
						}
					}
					color([0, 1, 1, 1]) {
						group() {
							multmatrix([[0.866025, -0.5, 0, 0], [0.5, 0.866025, 0, 0], [0, 0, 1, 0], [0, 0, 0, 1]]) {
								multmatrix([[1, 0, 0, 480.795], [0, 1, 0, 0], [0, 0, 1, 0], [0, 0, 0, 1]]) {
									multmatrix([[0.944493, -0.32853, 0, 0], [0.32853, 0.944493, 0, 0], [0, 0, 1, 0], [0, 0, 0, 1]]) {
										union() {
											group();
											group();
											group() {
												difference() {
													multmatrix([[1, 0, 0, -30], [0, 1, 0, 0], [0, 0, 1, 0], [0, 0, 0, 1]]) {
														cube(size = [30, 244.749, 270], center = false);
													}
													group();
												}
											}
											group();
											group() {
												multmatrix([[1, 0, 0, -15], [0, 1, 0, 0], [0, 0, 1, 522.284], [0, 0, 0, 1]]) {
													union() {
														multmatrix([[0.667858, 0.32853, -0.667858, 0], [-0.232306, 0.944493, 0.232306, 0], [0.707107, -2.77556e-17, 0.707107, 0], [0, 0, 0, 1]]) {
															cube(size = [15, 15, 127.49], center = false);
														}
														multmatrix([[0.944493, 0.32853, 0, 0], [-0.32853, 0.944493, 0, 0], [0, 0, 1, 0], [0, 0, 0, 1]]) {
															multmatrix([[1, 0, 0, -165.298], [0, 1, 0, 0], [0, 0, 1, 82.6491], [0, 0, 0, 1]]) {
																cube(size = [90.1491, 15, 15], center = false);
															}
														}
													}
												}
											}
										}
									}
								}
							}
						}
					}
					color([0, 1, 0, 1]) {
						group() {
							multmatrix([[0.866025, -0.5, 0, 0], [0.5, 0.866025, 0, 0], [0, 0, 1, 0], [0, 0, 0, 1]]) {
								multmatrix([[1, 0, 0, 480.795], [0, 1, 0, 0], [0, 0, 1, 270], [0, 0, 0, 1]]) {
									multmatrix([[0.944493, -0.32853, 0, 0], [0.32853, 0.944493, 0, 0], [0, 0, 1, 0], [0, 0, 0, 1]]) {
										union() {
											group();
											group() {
												polyhedron(points = [[0, 0, 267.284], [-30, 0, 267.284], [0, 244.749, 267.284], [-30, 244.749, 267.284], [0, 244.749, 283.905], [-30, 244.749, 283.905]], triangles = [[0, 1, 4, 5], [0, 2, 4], [1, 3, 5]], convexity = 1);
												difference() {
													multmatrix([[1, 0, 0, -30], [0, 1, 0, 0], [0, 0, 1, 0], [0, 0, 0, 1]]) {
														cube(size = [30, 244.749, 267.284], center = false);
													}
													group() {
														multmatrix([[1, 0, 0, -45], [0, 1, 0, 15], [0, 0, 1, 130], [0, 0, 0, 1]]) {
															cube(size = [60, 214.749, 107.284], center = false);
														}
													}
												}
											}
											group();
											group();
											group() {
												multmatrix([[1, 0, 0, -15], [0, 1, 0, 0], [0, 0, 1, 252.284], [0, 0, 0, 1]]) {
													union() {
														multmatrix([[0.667858, 0.32853, -0.667858, 0], [-0.232306, 0.944493, 0.232306, 0], [0.707107, -2.77556e-17, 0.707107, 0], [0, 0, 0, 1]]) {
															cube(size = [15, 15, 127.49], center = false);
														}
														multmatrix([[0.944493, 0.32853, 0, 0], [-0.32853, 0.944493, 0, 0], [0, 0, 1, 0], [0, 0, 0, 1]]) {
															multmatrix([[1, 0, 0, -165.298], [0, 1, 0, 0], [0, 0, 1, 82.6491], [0, 0, 0, 1]]) {
																cube(size = [90.1491, 15, 15], center = false);
															}
														}
													}
												}
											}
										}
									}
								}
							}
						}
					}
					color([0, 1, 0, 1]) {
						group() {
							multmatrix([[0.866025, -0.5, 0, 0], [0.5, 0.866025, 0, 0], [0, 0, 1, 0], [0, 0, 0, 1]]) {
								multmatrix([[1, 0, 0, 300.497], [0, 1, 0, 0], [0, 0, 1, 270], [0, 0, 0, 1]]) {
									multmatrix([[0.944493, -0.32853, 0, 0], [0.32853, 0.944493, 0, 0], [0, 0, 1, 0], [0, 0, 0, 1]]) {
										union() {
											group() {
												multmatrix([[1, 0, 0, -288.955], [0, 1, 0, 0], [0, 0, 1, 0], [0, 0, 0, 1]]) {
													cube(size = [288.955, 152.968, 30], center = false);
												}
											}
											group();
											group() {
												difference() {
													multmatrix([[1, 0, 0, -30], [0, 1, 0, 0], [0, 0, 1, 0], [0, 0, 0, 1]]) {
														cube(size = [30, 152.968, 270], center = false);
													}
													group();
												}
											}
											group();
											group();
										}
									}
								}
							}
						}
					}
				}
				group() {
					color([0, 1, 0, 1]) {
						group() {
							multmatrix([[0.5, -0.866025, 0, 0], [0.866025, 0.5, 0, 0], [0, 0, 1, 0], [0, 0, 0, 1]]) {
								multmatrix([[1, 0, 0, 462.328], [0, 1, 0, 0], [0, 0, 1, 270], [0, 0, 0, 1]]) {
